arena4:
  name: '&9Arena4'
  enabled: true
  min-players: 2
  max-players: 8
  center-location:
    world: world
    x: 0.0
    y: 6.0
    z: 66.0
    yaw: 0.0
    pitch: 0.0
  waiting-location:
    world: SpringWaitingRoom
    x: 0.0
    y: 6.0
    z: 66.0
    yaw: 0.0
    pitch: 0.0
  ending-location:
    world: SpringWaitingRoom
    x: 1.0
    y: 5.0
    z: 71.0
    yaw: 0.0
    pitch: 0.0
  teams:
    '&aGreen':
      size: 4
      spawn-location:
        x: 5.0159333078651915
        y: 4.0
        z: 39.82730093697528
        yaw: -12.077964
        pitch: 17.282742
    '&cRed':
      size: 4
      spawn-location:
        x: 1.2575410212151539
        y: 4.0
        z: 34.204832341285844
        yaw: -198.78572
        pitch: 8.474537
